# nothing

[/tmp/zathura.stdin.XL69XZ]
page=4
offset=0
zoom=1.1454457185777025
rotate=0
pages-per-row=1
first-page-column=1:2
page-right-to-left=false
position-x=0.61422976501305482
position-y=0.62762218958474003
time=1552207621
jumplist=2 0.38577023498694518 0.31891868556190284 2 0.23405168758585521 0.33915263652395133 4 0.47556912441869853 0.61321296768272215 
